338
496
346
883
894
989
314
988
604
915
304
144
337
707
561
770
366
592
148
416
120
578
601
46
683
167
539
763
710
568
531
65
94
737
696
511
14
813
725
799
964
952
960
731
832
196
909
836
778
728
110
356
803
76
929
646
865
852
320
207
918
996
887
300
963
661
648
824
804
473
249
483
909
666
441
603
434
454
761
393
85
22
661
975
276
779
971
532
113
70
384
324
443
443
79
563
772
193
99
829
470
616
378
408
567
180
226
940
650
123
198
560
480
892
704
54
152
787
801
19
468
434
968
824
46
617
136
297
1
332
546
52
397
392
108
870
11
497
882
536
421
209
110
362
277
962
446
753
671
606
712
688
769
373
402
160
720
838
396
111
820
605
652
56
213
961
487
866
243
599
833
421
787
659
207
127
507
61
712
429
562
248
789
689
80
60
284
816
243
249
780
87
88
580
99
562
377
833
268
446
945
73
39
270
286
312
802
310
146
562
14
921
299
45
552
71
677
666
260
763
706
969
980
996
651
878
410
324
606
903
9
634
791
834
839
940
21
652
957
495
762
230
865
347
482
831
873
595
43
817
854
288
247
442
223
777
333
245
780
314
157
704
324
11
766
835
247
837
734
998
954
924
816
478
88
734
195
884
905
900
600
327
85
46
103
672
258
258
22
826
358
149
905
49
233
411
974
504
819
676
783
39
543
64
662
470
116
212
24
789
963
794
206
442
859
889
621
702
715
285
381
189
361
458
150
612
214
276
68
618
186
338
34
473
786
435
279
167
829
605
551
468
49
629
634
537
580
682
649
897
765
191
406
952
883
146
14
41
27
207
611
12
957
997
460
875
796
351
712
692
436
355
411
470
315
415
533
472
160
739
346
136
870
200
410
80
698
692
768
446
806
458
22
193
13
606
812
666
978
238
530
409
596
948
256
507
399
258
169
589
413
961
884
301
264
83
507
189
376
39
957
664
313
246
994
28
16
305
256
753
759
819
466
638
94
491
363
812
632
611
258
168
442
411
725
735
68
864
249
483
619
970
54
962
867
209
720
195
415
483
865
927
144
650
581
546
547
620
269
200
455
328
446
284
420
786
176
970
687
134
895
470
29
10
73
779
969
240
819
442
293
138
791
379
627
542
970
457
173
868
957
6
10
344
539
539
425
266
107
131
946
935
499
855
957
919
379
680
253
250
134
670
318
468
93
90
5
456
356
416
866
550
693
53
395
192
765
679
63
830
595
595
936
540
20
460
609
498
611
779
143
195
398
62
81
755
989
363
731
235
407
719
955
510
727
752
751
495
990
264
107
835
661
689
320
373
892
123
503
21
367
166
86
635
198
107
217
487
808
466
527
288
53
404
52
309
564
385
564
818
127
160
503
548
653
453
587
254
871
300
614
394
473
187
230
952
814
578
515
904
138
139
541
459
130
835
779
524
301
190
252
48
701
268
873
61
954
382
697
4
221
709
541
716
579
532
382
728
349
442
736
709
331
319
333
90
84
642
946
613
2
619
759
606
355
87
860
69
676
328
343
982
230
639
805
929
86
17
280
124
392
216
602
738
402
421
374
737
889
212
687
217
210
952
978
321
155
39
716
115
1000
883
454
222
571
360
519
265
103
353
821
139
4
717
247
633
242
808
293
419
292
456
471
710
808
336
874
95
46
547
694
906
123
466
877
381
911
408
144
240
210
418
326
522
560
971
471
475
414
338
415
527
292
811
416
446
981
552
11
942
823
525
410
576
701
226
112
730
723
839
609
204
185
246
793
44
818
657
626
798
476
879
556
269
134
562
699
569
385
176
49
396
410
346
250
632
884
936
23
638
227
142
808
15
294
840
21
511
877
748
329
497
803
153
626
313
235
180
487
917
201
930
9
144
443
347
718
285
958
782
952
600
104
516
685
394
389
683
628
192
212
637
637
802
429
747
68
886
978
700
622
151
803
591
340
840
441
631
285
487
87
285
949
216
484
296
322
221
41
238
334
251
334
799
587
428
678
985
512
602
762
26
743
862
258
141
390
759
119
873
504
842
511
902
94
732
556
877
143
870
613
825
521
496
809
447
332
896
60
691
814
936
757
13
125
641
530
788
517
245
948
87
99
966
87
243
864
593
252
465
466
364
657
750
927
464
293
26
360
921
150
575
100
34
702
498
624
559
744
543
985
122
484
788
899
597
852
271
17
724
726
905
273
281
537
376
425
734
666
565
929
176
941
497
240
632
760
885
537
714
814
718
811
610
921
181
226
741
83
928
251
191
369
557
528
754
368
876
693
129
