358
689
370
213
956
683
938
910
271
332
801
965
457
345
991
698
201
295
614
14
583
222
890
935
22
211
894
133
368
784
306
89
934
304
646
282
164
70
456
891
864
902
421
295
913
632
234
116
959
993
887
624
609
816
540
805
799
241
270
182
907
331
759
259
219
979
443
622
27
141
756
621
258
206
346
472
116
788
876
650
435
675
485
859
356
396
958
420
337
312
457
860
934
264
400
104
270
999
6
211
387
69
661
65
557
566
774
370
49
385
305
307
945
132
886
386
350
150
551
218
385
650
61
872
940
904
374
100
311
909
152
882
656
425
455
226
273
712
38
184
189
846
553
646
192
96
125
764
219
50
786
820
842
550
261
828
70
427
77
975
798
900
309
935
595
185
145
691
773
592
504
426
39
337
889
17
901
190
311
968
270
599
97
570
128
324
480
342
185
112
75
215
230
449
215
63
35
84
59
546
870
240
720
785
269
697
570
856
469
378
306
764
449
413
121
751
149
106
527
317
577
7
508
277
986
381
351
518
881
780
257
916
405
70
162
2
988
433
600
210
495
165
478
405
166
808
13
163
172
436
136
737
898
648
686
548
304
489
913
998
529
880
8
738
828
107
14
388
809
692
831
108
45
81
987
33
910
834
156
986
19
960
766
678
399
147
422
10
773
486
480
226
905
737
159
238
254
720
116
401
335
676
930
153
802
303
215
533
505
735
202
109
288
146
849
543
831
874
833
677
123
272
957
372
387
606
326
490
56
687
644
262
991
272
378
649
609
678
465
107
899
488
417
571
514
679
563
525
859
971
80
463
126
987
761
16
959
347
536
84
849
515
564
577
570
31
396
164
579
849
992
970
495
571
490
139
800
177
486
397
898
948
91
671
814
145
33
554
684
294
516
162
68
43
498
612
608
500
775
424
156
62
367
187
725
86
327
494
201
227
957
389
697
305
674
44
389
184
538
236
801
650
519
13
860
193
945
559
6
558
783
439
289
162
239
645
935
379
152
870
386
200
417
228
576
642
866
657
174
784
593
665
172
998
215
36
115
648
823
859
449
637
439
441
411
473
173
82
645
227
525
627
207
303
568
317
203
249
268
142
892
725
82
240
536
287
345
107
340
801
621
328
558
459
876
993
891
826
441
971
854
260
169
883
879
399
160
409
590
460
322
394
579
842
628
509
732
479
155
227
116
749
402
38
172
655
489
740
963
446
565
278
569
63
434
336
800
840
487
881
857
266
143
71
668
752
825
459
653
907
693
48
150
713
152
157
87
584
809
96
240
55
658
61
189
306
393
881
339
125
50
920
17
185
641
179
575
586
458
783
971
693
834
948
273
676
901
81
844
253
360
560
428
479
163
391
75
31
545
58
803
227
872
545
378
36
984
790
685
50
757
962
761
475
288
697
914
191
933
640
710
618
8
211
538
552
258
98
522
325
757
43
772
543
434
879
416
720
75
239
447
310
477
811
647
446
83
127
669
841
151
51
140
214
600
285
415
860
874
808
165
435
838
662
923
4
382
824
539
652
436
387
350
549
24
82
530
600
940
100
619
40
671
597
339
679
770
1000
774
284
874
422
22
633
384
579
168
337
302
149
21
319
911
887
670
223
717
238
835
489
813
11
109
707
156
403
781
206
679
465
574
295
725
535
265
361
282
117
458
787
343
876
71
231
107
235
30
524
15
1
397
598
140
128
345
762
810
579
671
875
280
677
91
231
162
554
338
138
502
279
355
528
494
905
230
638
16
367
608
184
765
353
492
45
95
61
968
32
218
557
490
333
698
327
2
380
820
527
551
95
71
974
292
950
876
325
352
257
462
931
731
894
199
480
138
973
982
882
550
931
818
99
577
84
785
289
215
730
671
492
55
739
660
637
501
955
683
355
584
35
853
261
464
76
180
64
874
148
40
734
681
546
620
207
888
622
411
455
497
161
236
464
582
937
611
30
787
935
396
663
738
891
275
760
90
62
52
506
237
836
311
22
738
623
219
205
162
779
570
92
22
461
703
801
255
521
114
966
894
71
580
297
343
697
409
641
591
998
740
430
515
264
510
706
527
747
23
944
434
685
961
102
781
243
779
963
758
824
780
309
910
703
263
312
994
104
505
80
682
739
611
927
169
952
431
190
88
414
383
743
96
626
763
100
22
43
315
888
402
807
646
145
779
229
162
380
454
179
412
375
845
604
705
583
143
272
612
832
747
296
791
22
644
324
158
775
84
136
966
143
879
750
636
598
234
546
667
895
267
93
408
284
79
882
180
16
426
763
665
605
921
505
569
79
4
230
707
636
67
629
247
310
794
657
810
943
755
652
956
899
245
173
848
131
743
212
690
646
706
287
750
195
457
718
425
512
818
560
645
846
881
230
148
402
14
675
618
702
268
880
759
484
897
747
867
175
950
393
942
6
994
319
508
408
650
470
201
20
500
899
402
574
135
164
490
643
609
444
683
499
993
256
633
965
418
797
262
426
407
404
835
330
292
850
607
266
648
817
600
569
455
572
248
772
666
201
151
965
473
160
98
942
35
118
453
240
531
111
778
245
184
68
503
703
856
436
811
464
445
533
348
657
196
242
837
312
714
500
485
579
918
318
889
267
312
830
545
73
61
999
147
609
104
412
442
121
54
372
692
165
395
596
46
620
204
238
740
310
109
180
399
841
450
109
247
738
445
408
610
195
549
290
788
128
358
600
966
203
923
668
143
994
210
102
352
731
499
802
264
971
522
343
836
952
72
960
979
962
74
268
383
377
457
276
800
647
875
327
258
725
588
342
351
276
683
712
766
760
102
763
961
986
679
71
432
904
749
225
713
555
161
933
662
873
753
935
677
588
87
837
317
535
595
402
526
479
531
891
270
896
489
338
889
390
40
876
689
144
729
344
939
972
138
193
956
99
219
786
345
514
614
191
318
461
724
83
708
320
493
256
304
752
183
31
552
538
758
406
476
477
35
516
771
747
700
713
773
312
633
908
260
436
261
458
316
849
654
676
902
941
464
611
937
8
829
623
968
281
754
373
872
306
524
365
356
769
343
173
606
174
857
172
716
59
436
850
161
278
202
467
69
273
389
683
835
120
812
663
764
961
851
465
914
906
247
801
213
47
766
419
992
450
139
127
347
965
787
579
735
874
597
144
900
660
374
536
147
240
334
586
948
503
526
186
595
477
350
369
567
862
688
776
229
687
586
235
396
511
531
850
76
755
201
503
131
925
980
7
713
642
692
848
845
728
648
842
664
911
149
118
407
975
235
458
433
222
321
804
46
725
615
606
393
770
31
12
99
270
990
531
124
275
371
132
919
785
637
347
439
839
94
429
645
13
674
329
205
579
486
502
447
399
308
763
191
972
498
558
843
756
271
223
460
878
554
527
377
569
484
640
375
903
889
45
462
733
752
22
351
81
880
650
851
352
869
558
470
615
919
990
407
88
600
793
160
489
227
123
562
96
769
774
441
205
201
726
553
855
21
390
198
57
497
592
782
614
221
107
232
312
142
445
92
926
531
401
258
108
196
565
375
118
632
372
970
22
798
559
796
728
769
943
795
440
600
141
841
847
996
718
217
622
511
181
302
290
674
394
777
147
644
621
269
520
772
969
63
463
855
748
364
277
354
127
145
844
413
947
566
922
984
450
374
840
95
229
963
91
166
104
757
607
254
829
50
11
921
184
742
59
23
16
711
202
460
441
974
251
968
801
388
295
527
254
253
46
442
382
886
391
909
553
605
762
666
945
314
419
291
771
348
471
49
371
320
514
421
232
870
79
56
894
441
568
564
24
922
494
624
681
134
373
587
282
812
212
785
96
202
613
993
613
211
653
217
393
48
118
729
889
782
480
496
527
551
889
422
584
266
537
430
759
645
908
444
881
446
450
96
832
991
932
805
335
289
279
531
288
143
128
317
531
875
208
749
114
356
446
651
530
195
916
569
495
542
686
933
586
454
961
692
75
592
443
454
244
283
863
597
645
727
98
54
724
424
297
607
309
659
344
506
438
682
585
326
2
421
206
974
431
68
38
745
497
954
578
426
87
803
572
480
904
150
765
319
968
466
237
58
626
581
585
585
511
872
806
279
112
396
343
519
731
632
107
921
737
675
609
709
222
976
623
674
36
759
527
205
833
52
101
897
112
634
377
771
801
474
766
550
235
752
141
468
638
906
381
687
906
967
652
551
371
243
304
598
608
259
344
867
535
667
62
1
388
593
919
306
739
124
258
194
975
426
669
588
624
317
628
591
509
504
201
564
202
265
631
869
695
504
356
718
990
323
987
154
242
363
182
512
706
967
308
635
465
42
813
969
527
190
871
40
145
411
492
817
598
487
680
880
878
85
332
451
720
326
808
312
786
416
814
150
827
991
222
240
506
343
890
657
427
965
152
477
622
649
832
135
475
775
106
682
346
853
422
897
988
581
303
987
98
166
8
987
355
696
219
960
70
722
199
188
444
447
620
961
688
631
584
707
975
136
188
153
948
893
970
671
193
7
273
7
947
980
436
915
443
513
940
815
201
291
658
702
666
540
713
924
254
311
817
133
876
287
291
346
261
152
506
922
293
781
483
832
814
632
959
707
828
884
389
908
879
612
500
775
780
951
793
109
582
998
291
656
706
229
534
8
570
950
10
421
592
163
533
165
117
650
901
566
10
38
173
83
957
493
193
874
305
90
316
951
194
562
11
198
217
461
38
460
720
476
100
661
482
726
89
987
7
359
837
193
636
958
574
765
100
46
446
644
528
936
238
337
628
445
465
567
466
969
103
778
267
694
894
187
898
309
58
865
897
337
612
406
561
400
529
94
46
350
147
952
265
336
605
456
654
168
299
739
113
806
973
643
99
227
342
769
844
555
734
909
929
926
242
418
126
61
873
643
153
994
871
903
640
772
615
943
728
719
7
82
983
280
729
233
551
163
281
468
39
809
348
165
245
138
36
694
717
146
622
659
366
715
964
415
461
468
375
79
926
842
48
779
780
691
948
195
350
188
575
211
665
517
98
186
388
295
111
756
413
707
971
146
827
703
111
962
910
142
989
131
784
539
948
45
585
327
392
932
56
791
276
547
508
492
543
230
194
565
618
545
685
816
857
787
412
2
133
130
28
218
485
788
128
418
321
783
330
199
768
70
574
927
900
457
887
434
56
481
750
643
878
849
648
433
958
849
529
728
761
730
990
991
159
222
839
759
241
271
625
53
293
993
614
248
391
396
37
197
840
148
860
7
67
7
709
169
873
674
97
969
42
877
451
860
548
300
79
181
853
419
415
396
304
675
682
746
360
760
493
946
104
727
815
347
893
18
354
677
639
90
846
19
941
33
400
50
320
254
828
319
37
70
723
665
472
560
410
464
368
321
595
653
851
148
987
598
114
831
845
147
35
701
676
514
334
781
603
810
31
51
850
799
949
169
278
590
626
658
618
790
800
136
681
795
309
219
359
222
643
935
517
35
431
670
191
843
476
153
592
720
928
112
311
982
799
77
91
514
777
114
400
600
185
197
635
722
4
385
785
584
863
660
952
510
64
930
55
573
873
681
546
243
860
689
280
204
119
665
548
521
510
727
561
187
430
116
566
980
924
948
394
430
469
696
924
983
245
852
134
825
463
410
603
211
357
132
711
390
755
727
809
72
400
952
381
74
939
376
27
823
29
979
98
210
797
862
666
492
170
204
956
242
337
429
386
440
127
846
577
878
776
470
465
479
226
433
805
370
450
627
443
476
445
342
682
741
439
867
683
767
297
69
655
141
95
211
219
702
539
708
121
308
438
348
460
884
290
648
577
201
505
733
166
955
768
53
940
653
671
680
629
585
301
280
979
319
807
204
64
192
204
225
252
140
266
372
114
14
281
534
53
981
179
435
860
376
805
239
987
315
977
607
992
392
477
783
958
99
988
129
826
697
620
164
612
925
14
548
776
931
931
798
693
129
867
521
170
687
70
379
622
155
771
101
972
746
96
607
611
555
154
351
345
918
896
308
415
545
901
494
584
975
877
69
973
685
481
200
286
619
510
936
271
7
646
852
972
948
449
367
379
330
257
873
652
473
959
752
762
347
596
838
635
118
962
975
263
306
650
628
923
722
790
364
412
415
655
335
257
709
743
998
905
990
987
394
274
893
490
888
543
101
500
503
245
505
421
653
362
548
722
440
497
971
619
980
910
823
457
105
958
509
373
446
422
575
710
698
753
316
78
528
601
672
812
208
786
23
607
212
448
282
858
52
483
357
461
982
66
458
514
123
822
265
440
162
642
535
840
494
682
769
214
432
76
550
19
42
34
627
556
463
765
661
798
394
648
803
137
414
154
799
833
619
451
512
439
232
846
45
177
364
337
239
684
271
694
764
582
709
74
394
45
5
337
610
638
78
762
733
713
401
871
375
194
304
486
352
804
228
298
222
378
81
821
107
243
175
980
874
70
389
954
283
709
674
164
604
668
687
322
214
310
942
356
741
346
3
327
266
650
866
882
570
792
718
73
342
717
282
948
935
174
319
570
727
652
931
463
125
28
243
736
8
98
3
192
542
286
550
742
191
228
257
699
464
986
767
634
824
951
747
93
822
159
710
709
264
16
637
535
854
138
144
219
851
922
192
690
639
959
182
824
638
834
180
57
814
908
369
749
904
63
257
194
943
859
331
196
689
778
419
200
914
384
514
770
490
370
133
797
799
262
783
631
659
544
630
75
32
642
271
62
234
906
755
452
192
187
663
817
363
836
218
346
671
251
1
888
58
473
493
838
928
413
611
655
902
484
365
304
980
943
333
421
775
491
522
439
33
855
660
1000
526
331
648
552
774
677
924
153
985
206
444
758
829
926
606
686
11
471
694
100
269
851
591
148
820
783
167
358
245
916
895
218
785
538
952
289
582
69
341
880
316
48
785
380
515
787
814
348
299
798
707
682
966
408
963
345
872
543
748
201
69
820
680
396
199
659
368
851
876
674
521
624
355
107
500
850
475
178
653
875
434
765
782
579
288
351
765
326
274
998
656
546
520
282
588
147
196
368
856
120
397
611
935
964
880
29
